678
879
900
243
328
461
254
81
43
950
1145
661
855
208
930
398
1048
1183
743
1213
974
667
1098
672
390
617
196
629
1208
985
583
796
192
451
1200
490
423
294
382
168
939
1047
377
992
1037
665
621
430
771
553
947
1108
717
49
887
259
818
737
654
668
618
78
63
999
834
958
303
170
1073
76
787
673
128
1235
534
297
585
949
715
610
785
741
44
731
308
1195
31
1063
358
409
123
86
760
693
560
101
422
1233
561
218
309
298
289
1019
581
113
548
706
847
1062
174
649
535
979
220
1240
344
51
70
439
23
643
155
682
107
58
1168
977
644
1069
961
447
1165
371
1156
723
1106
802
265
247
485
54
881
679
56
109
752
964
926
277
478
541
1036
332
894
826
1241
551
333
811
704
435
921
727
1222
350
892
1107
346
578
746
1209
209
514
425
846
825
198
589
240
210
1009
624
10
147
996
1181
1119
806
680
634
839
990
781
290
843
965
893
1041
424
542
135
528
233
467
415
367
306
158
140
464
888
567
677
1081
270
296
65
1210
1117
908
477
312
96
184
285
231
163
462
221
1113
156
361
631
1040
286
199
1033
1050
862
323
442
244
381
1176
573
1054
934
1192
352
924
1161
1112
1006
1031
1134
605
705
552
890
178
497
931
275
596
1211
88
651
909
405
453
730
812
1180
331
266
59
519
756
1101
1162
1007
745
494
327
411
708
380
1024
83
129
670
808
976
857
260
575
588
953
899
138
292
1002
141
590
1088
807
139
788
910
224
594
274
944
543
376
874
420
615
666
720
813
533
622
342
523
936
321
355
1214
912
772
39
30
242
506
136
310
1039
554
1099
1239
3
111
650
1075
707
889
803
724
314
994
319
1010
413
5
100
777
1232
529
1029
363
713
365
227
394
692
1245
660
66
67
1237
211
12
549
716
299
486
865
1118
1068
1135
1182
1142
875
735
1164
1011
613
1078
273
428
362
237
907
2
6
481
311
1070
1175
536
941
933
215
438
27
1202
429
427
845
526
948
1187
579
354
1092
493
256
291
25
336
1147
47
318
106
869
55
566
213
120
609
479
695
72
410
671
809
732
432
676
1102
851
598
991
1133
545
325
1110
1005
316
859
901
572
739
1065
628
1158
60
433
780
92
935
465
351
1015
280
783
599
359
1223
593
906
570
482
538
932
182
1138
513
110
370
458
239
1079
1159
1090
204
1234
876
261
1116
701
558
339
721
597
527
183
137
1205
764
911
80
774
1246
1030
29
626
620
471
987
165
248
307
916
522
334
97
532
1085
872
820
967
614
1127
302
1243
388
235
1049
770
305
1083
998
249
867
71
94
591
33
832
448
445
1018
1191
736
77
84
584
82
457
898
436
861
970
404
1087
1027
700
104
582
905
62
281
714
238
223
145
1163
373
118
873
250
1201
9
449
952
389
738
1074
557
460
1148
144
501
1151
539
177
1203
754
630
1242
7
602
918
357
329
762
903
258
946
971
1207
1100
914
525
885
710
814
1185
440
531
226
228
1220
212
79
148
1013
765
636
133
848
408
755
507
1026
504
850
347
386
0
360
1178
475
842
836
816
172
450
125
884
530
90
1206
181
711
414
251
69
131
300
722
326
1219
499
718
1000
495
1160
338
421
164
28
516
193
942
844
169
767
652
173
518
1001
759
491
73
1043
587
657
234
214
162
132
841
793
1023
185
41
108
925
568
1186
1055
1199
483
468
24
712
838
984
1053
366
1121
1244
383
454
264
823
232
444
395
1141
176
18
1093
1067
886
595
61
272
1170
278
917
694
368
966
968
937
778
904
547
988
688
980
456
393
675
993
728
419
375
412
74
1166
940
500
943
616
114
417
601
604
89
1198
1193
753
498
1196
962
1137
11
396
919
555
42
167
416
576
267
989
426
690
544
1167
674
689
1097
1221
159
963
257
922
335
15
982
324
768
607
1096
858
798
222
179
99
757
521
761
22
356
733
1034
1155
611
1060
340
431
849
217
203
986
1004
93
868
68
1217
284
696
85
434
864
153
75
1084
789
580
446
703
188
271
236
487
1204
559
117
637
1120
801
750
512
633
852
1057
1146
126
790
829
116
473
740
1052
57
603
786
830
119
656
983
1003
105
635
369
268
655
819
822
920
46
349
773
195
102
4
619
571
52
263
1136
443
1247
782
837
923
691
304
341
945
313
149
124
1105
574
697
664
50
938
726
799
833
353
1197
142
470
1008
653
399
978
997
320
19
684
35
824
902
505
827
1114
407
817
866
537
758
1111
973
38
175
245
810
1128
1061
1035
784
1231
489
154
638
662
853
287
625
1171
685
1058
1094
569
1188
734
792
17
127
322
255
1190
927
1224
190
115
1218
969
606
180
301
496
348
1077
36
744
1125
1032
517
372
45
476
157
1089
171
16
511
48
191
546
515
658
1189
828
1045
480
959
1173
283
1144
797
1022
225
26
282
1194
437
1212
